state,action,reward,total
1,0,0,0
2,0,0,0
3,0,0,0
4,0,0,0
5,0,10,10
5,0,10,20
5,0,10,30
5,0,10,40
5,0,10,50
5,0,10,60
5,0,10,70
5,0,10,80
5,0,10,90
5,0,10,100
5,0,10,110
5,0,10,120
5,0,10,130
5,0,10,140
5,0,10,150
5,0,10,160
5,0,2,162
1,0,0,162
2,0,0,162
3,0,0,162
4,0,2,164
1,0,2,166
1,0,0,166
2,0,0,166
3,0,0,166
4,0,0,166
5,0,10,176
5,0,10,186
5,0,10,196
5,0,10,206
5,0,10,216
5,0,10,226
5,0,10,236
5,0,10,246
5,0,2,248
1,0,2,250
1,0,0,250
2,0,0,250
3,0,2,252
1,0,2,254
1,0,0,254
2,0,0,254
3,0,0,254
4,0,2,256
1,0,0,256
2,0,0,256
3,0,0,256
4,0,2,258
1,0,0,258
2,0,0,258
3,0,0,258
4,0,0,258
5,0,2,260
1,0,0,260
2,0,0,260
3,0,0,260
4,0,0,260
5,0,10,270
5,0,10,280
5,0,10,290
5,0,10,300
5,0,10,310
5,0,10,320
5,0,10,330
5,0,10,340
5,0,10,350
5,0,10,360
5,0,10,370
5,0,10,380
5,0,10,390
5,0,10,400
5,0,2,402
1,0,0,402
2,0,0,402
3,0,0,402
4,0,0,402
5,0,10,412
5,0,10,422
5,0,10,432
5,0,10,442
5,0,10,452
5,0,10,462
5,0,10,472
5,0,2,474
1,0,0,474
2,0,0,474
3,0,2,476
1,0,0,476
2,0,0,476
3,0,2,478
1,0,2,480
1,0,2,482
1,0,0,482
2,0,0,482
3,0,2,484
1,0,0,484
2,0,0,484
3,0,2,486
1,0,0,486
2,0,2,488
1,0,0,488
2,0,0,488
3,0,0,488
4,0,0,488
5,0,10,498
5,0,2,500
1,0,2,502
1,0,0,502
2,0,0,502
3,0,0,502
4,0,0,502
5,0,10,512
5,0,10,522
5,0,10,532
5,0,2,534
1,0,0,534
2,0,0,534
3,0,0,534
4,0,2,536
1,0,0,536
2,0,2,538
1,0,0,538
2,0,2,540
1,0,0,540
2,0,0,540
3,0,0,540
4,0,2,542
1,0,0,542
2,0,2,544
1,0,0,544
2,0,0,544
3,0,0,544
4,0,0,544
5,0,10,554
5,0,10,564
5,0,10,574
5,0,2,576
1,0,0,576
2,0,0,576
3,1,2,578
1,1,2,580
1,1,0,580
2,1,2,582
1,1,2,584
1,1,0,584
2,1,0,584
3,1,2,586
1,1,2,588
1,1,2,590
1,1,2,592
1,1,0,592
2,1,0,592
3,1,2,594
1,1,2,596
1,1,0,596
2,1,2,598
1,1,2,600
1,1,2,602
1,1,2,604
1,1,0,604
2,1,2,606
1,1,2,608
1,1,0,608
2,1,0,608
3,1,2,610
1,1,0,610
2,1,0,610
3,1,2,612
1,1,2,614
1,1,0,614
2,1,2,616
1,1,2,618
1,1,2,620
1,1,2,622
1,1,2,624
1,1,2,626
1,1,0,626
2,1,0,626
3,1,2,628
1,1,2,630
1,1,2,632
1,1,2,634
1,1,2,636
1,1,2,638
1,1,2,640
1,1,2,642
1,1,0,642
2,1,2,644
1,1,2,646
1,1,2,648
1,1,2,650
1,1,2,652
1,1,2,654
1,1,2,656
1,1,2,658
1,1,2,660
1,1,0,660
2,1,2,662
1,1,0,662
2,1,2,664
1,1,2,666
1,1,0,666
2,1,2,668
1,1,2,670
1,1,2,672
1,1,2,674
1,1,0,674
2,1,2,676
1,1,0,676
2,1,2,678
1,1,2,680
1,1,2,682
1,1,2,684
1,1,2,686
1,1,0,686
2,1,2,688
1,1,2,690
1,1,2,692
1,1,2,694
1,1,2,696
1,1,2,698
1,1,2,700
1,1,2,702
1,1,2,704
1,1,0,704
2,1,0,704
3,1,2,706
1,1,2,708
1,1,2,710
1,1,2,712
1,1,2,714
1,1,2,716
1,1,2,718
1,1,2,720
1,1,2,722
1,1,2,724
1,1,2,726
1,1,2,728
1,1,2,730
1,1,2,732
1,1,2,734
1,1,0,734
2,1,2,736
1,1,2,738
1,1,2,740
1,1,2,742
1,1,0,742
2,1,0,742
3,1,2,744
1,1,2,746
1,1,0,746
2,1,2,748
1,1,2,750
1,1,2,752
1,1,0,752
2,1,2,754
1,0,0,754
2,0,0,754
3,0,0,754
4,0,0,754
5,0,10,764
5,0,2,766
1,1,0,766
2,0,0,766
3,1,2,768
1,0,2,770
1,1,2,772
1,0,0,772
2,1,0,772
3,0,0,772
4,1,2,774
1,0,0,774
2,1,2,776
1,0,0,776
2,1,2,778
1,0,0,778
2,1,2,780
1,0,0,780
2,1,2,782
1,0,0,782
2,1,2,784
1,0,0,784
2,1,2,786
1,0,2,788
1,1,2,790
1,0,0,790
2,0,0,790
3,0,0,790
4,0,2,792
1,0,2,794
1,0,0,794
2,0,2,796
1,0,0,796
2,0,0,796
3,0,0,796
4,0,0,796
