867
396
997
409
379
3134
407
389
1779
398
899
1014
1625
416
773
363
417
6026
3087
403
363
403
417
2235
416
345
403
363
5491
1475
885
3687
157
415
397
416
148
415
3769
5176
397
415
156
394
362
416
411
417
948
358
3222
5022
153
2098
945
352
2471
403
415
359
158
409
159
8948
407
1726
159
335
1384
417
3778
388
2275
2047
758
354
410
411
410
3008
417
902
2200
163
159
398
1928
3056
5375
394
1393
2360
412
404
3136
417
156
903
160
977
359
417
414
3664
401
150
405
355
1589
155
3685
407
363
360
160
904
2239
2056
3002
363
152
935
4053
363
353
411
888
409
4975
3219
349
830
417
342
412
360
361
4527
154
4447
2867
1399
361
1393
900
403
3343
829
156
3471
412
417
2193
417
146
6308
359
4395
4515
2980
157
416
1850
1510
6586
5351
8144
888
4709
3342
417
4523
4628
1467
361
337
351
2234
3530
978
3441
415
354
868
383
2021
3607
5258
410
361
356
3728
2387
2286
6637
3600
1481
400
347
1520
6156
1497
844
3377
6580
4663
3690
346
3427
5458
415
1762
407
2482
2334
2641
1764
4962
3637
349
2242
360
4547
406
347
2269
403
2590
411
868
848
1637
417
3539
8706
1555
4702
3058
415
6806
3531
417
361
3036
806
360
417
417
1594
1637
3633
820
417
410
2314
353
399
1484
1484
142
406
990
3986
413
337
411
4289
942
408
3081
1910
5441
397
3869
3301
687
398
5002
4272
914
1635
1420
6039
5563
363
350
2388
361
1872
3407
404
164
6436
1636
1536
404
1511
348
352
405
348
3467
3133
412
1584
362
416
1829
1936
1926
360
415
404
344
408
346
4875
4453
843
845
1806
5814
1635
2934
347
3608
409
4472
862
352
363
3680
1869
352
1723
3585
413
412
356
352
5771
417
774
885
414
358
1791
361
417
401
360
356
159
892
3137
5728
1660
5384
1989
350
404
5128
346
3137
416
409
361
2267
2322
417
3316
2936
2933
353
351
1643
825
3781
1493
3527
156
3911
6609
4701
1559
3682
404
906
1536
1596
4699
2949
2353
417
874
5198
971
353
413
161
417
347
396
415
898
2173
1456
1457
1859
409
413
408
1364
5207
1500
3539
360
417
417
850
417
405
417
400
908
363
869
1865
409
363
344
1600
3113
2774
154
3738
350
414
355
1883
356
1596
416
5844
348
358
344
3511
1604
1659
407
1594
346
779
409
948
1348
5781
4588
3052
836
2854
2170
3227
1533
2638
1493
6549
403
3076
2968
3017
348
344
355
1394
1003
721
2220
397
405
3578
1578
856
787
1389
810
344
913
1652
3221
4224
159
360
894
6414
1813
1552
356
8910
355
821
363
406
3446
2836
2110
347
1361
403
944
8732
818
2044
1801
969
4370
363
819
854
155
2079
2848
835
417
352
405
363
954
342
900
905
4449
2607
2204
3087
1012
6631
400
983
4904
361
5405
416
416
8474
1507
156
2529
403
2966
411
849
883
3691
2261
127
1670
1719
3031
2353
4904
873
6525
154
1942
413
1848
349
360
2948
2143
915
400
1720
3362
150
3904
2116
417
1913
413
403
353
869
3534
412
417
834
150
1706
2372
951
3373
3883
939
3491
5289
5698
410
363
3817
406
5827
2118
415
395
964
4692
3621
8660
3553
2199
2133
363
3575
964
2828
3605
1485
1967
1477
1380
1978
3648
3653
351
403
2076
414
2099
8432
3049
4609
1431
3433
1913
8596
959
2355
347
850
4585
3926
417
1415
3504
411
8556
158
361
366
406
8714
348
355
406
4153
3227
1544
407
9078
3770
409
154
1026
3569
417
3750
4780
408
2260
1350
6456
1902
1560
411
886
5381
155
355
2278
1898
809
2929
354
3165
361
2938
1546
402
1966
417
411
355
358
2988
884
855
363
417
415
2217
417
907
1618
1524
4571
351
5681
153
6241
357
417
1988
390
1821
2884
1899
3546
356
2913
410
417
363
1727
1656
350
1491
413
361
2181
4470
406
1568
413
362
823
363
4911
978
417
349
154
6918
354
3264
320
3039
1457
3702
4980
3521
5000
155
417
360
351
407
1797
414
153
2501
3205
885
405
415
411
2316
417
155
348
403
950
3726
409
3731
3754
898
349
849
356
128
1418
5535
853
2326
394
362
3531
405
2732
1780
2036
417
410
408
156
403
352
1619
2997
3598
891
3951
2670
4740
4977
2943
2364
2989
4512
5813
3665
3577
2294
3746
6715
346
5046
8368
2478
3624
363
3593
3690
2814
4928
3634
4842
8930
792
4656
6486
911
3817
9046
3743
3811
415
2329
2709
363
363
1926
5578
3165
2061
826
3503
1504
2990
4557
4694
965
9218
1565
1014
2062
805
2776
3602
2253
1606
1905
5906
2762
938
3698
5956
2913
3373
3499
942
2825
1350
6398
8624
5842
1987
3727
2171
2115
3162
1390
3047
3726
3578
3290
8610
8972
5715
3387
2086
9000
1551
5884
2109
2985
2419
1418
5109
6376
2276
6648
1496
6280
3554
6003
2147
5950
4915
2024
8828
2707
1613
3556
311
4559
1827
1866
5831
5712
5634
8502
925
4654
8754
1566
7756
5600
4738
3609
6303
8496
5183
905
865
3062
3569
5707
1589
2144
1808
3651
979
5784
3723
3699
410
2440
5766
3542
2797
4577
938
9090
5440
1631
3037
1740
4970
1861
9278
5711
8922
3321
4351
837
6783
2304
3568
4044
2239
1745
1453
1711
1552
3556
4689
1278
5654
2343
1650
5567
6451
4103
2961
3539
3788
898
5565
4161
1455
5715
3564
8576
8716
6638
3346
5719
914
1389
357
1921
363
1444
5555
875
6195
5439
892
5605
6319
1561
1710
875
8744
3530
350
2170
4728
3659
8958
4256
4744
984
5082
5525
9070
1929
4920
2777
2998
9198
4803
3176
358
3060
5727
414
4783
5832
1866
1005
1601
3459
2671
2273
5724
3444
6127
307
3545
5496
1976
6527
4793
1614
2629
8532
2813
5725
4663
5337
1886
8544
4589
2669
2167
4670
3755
3377
356
6804
8880
2976
2999
1803
5420
2610
2043
3433
921
3451
358
3603
4427
6624
5608
856
3060
3172
5600
4625
4698
1788
4655
5917
2410
3481
2012
1567
4353
908
1291
1565
3583
362
4856
1620
5710
1634
4524
3507
1937
1821
2894
4379
3062
3517
2848
3677
3685
4656
4742
4850
1845
4077
4508
3471
6018
1645
3543
923
2850
4958
2671
1386
2994
5484
4750
2084
4864
5974
896
2223
4930
4841
8696
5851
4517
764
3535
5162
1676
4813
5723
1362
1803
3480
2167
3617
3652
6576
3610
5378
4152
842
2218
8394
1562
5306
2082
852
1396
4794
5176
3625
1553
2219
924
1382
957
2361
3250
4749
8982
2831
4543
3747
2464
3428
3256
1741
870
6051
8962
1866
5851
5678
1585
5134
1976
3004
5850
1421
1990
3630
3069
5811
8758
866
5579
5975
3616
1597
2421
6740
5728
1580
924
4345
6464
8862
6241
9058
2357
5656
880
3296
3510
890
8914
5208
5051
5669
410
2649
994
3527
6463
8632
8740
5855
1566
1519
675
1333
3762
5435
1557
3469
2142
1520
4624
4901
9086
850
4763
5532
5553
4123
5944
906
6309
3193
1330
5626
5607
3530
6639
2095
2997
6371
3610
5615
8484
8626
6081
9242
9352
2166
973
2144
931
8694
875
1893
4906
1609
346
3432
3643
2182
2248
8764
2045
5750
8866
3393
3016
6457
858
1379
4776
1625
5599
5391
2399
9194
893
9196
938
9162
1653
2266
8864
8914
5045
6440
4460
2067
5662
5771
8530
4770
371
3530
6108
3088
1703
1708
6861
1903
6349
6807
1940
5501
1615
1961
962
7956
6436
5728
4443
6513
8330
3280
1644
3326
2243
3709
2768
5992
6583
1515
3485
6421
3769
1615
8912
2341
1511
8736
346
5850
5308
2016
2886
5221
2533
4862
864
854
5215
5740
5636
2901
3751
5692
2755
4820
1403
3618
3442
5584
1544
6468
1888
8896
1062
8698
2793
805
3473
1583
3564
6469
1851
2921
352
6225
3432
4801
5122
995
3021
1621
5977
1527
5617
5188
6129
3229
355
3379
918
1634
5778
3428
1875
2999
1661
1962
1494
3614
2442
3707
1574
1857
359
3483
2950
1828
4000
6030
4809
3782
8856
1565
2134
363
1780
8708
4949
881
4988
1549
8344
2137
8732
3430
8356
358
796
407
5037
5062
5662
926
8962
3038
3697
1588
661
1657
3701
3740
359
6415
919
7004
1555
2074
928
5557
3627
3222
3678
3146
4644
1643
933
3745
6223
930
5548
892
1662
2961
1830
5837
5604
6754
879
3691
3256
4828
2201
6352
2013
6562
717
4660
870
6302
6417
2374
5981
5584
3723
3503
2291
2761
306
3494
9006
5619
1908
6473
4662
4905
6171
926
1824
1936
9232
2053
9054
891
2519
1517
3545
2049
1587
5871
3470
2044
3081
4857
4682
3654
8622
1575
2164
4746
360
3682
1749
6380
2833
396
3406
6218
3470
8822
9070
1618
3151
3587
356
3046
903
4780
352
2387
3985
892
2290
3208
342
3727
686
6268
1612
2148
5761
8912
6453
887
8610
745
8838
883
4652
8852
411
1937
2320
3581
8882
6939
871
5752
3506
3608
2030
3553
350
6986
2305
6313
9046
6700
9104
9020
4956
9344
3632
5068
9130
7047
9232
8870
6861
9278
9212
6664
9274
8822
4841
2044
9012
9418
5927
9310
9194
6005
9210
6350
5020
6865
5885
9674
9246
9314
9074
5948
9404
9146
9540
1622
6866
6032
6817
1550
9156
8904
9278
6820
4401
2918
5007
3872
5108
4551
9190
9352
9272
5018
9164
6966
9086
9308
9052
5415
6844
6464
6670
3000
3693
5079
6185
4889
9560
5030
8742
4709
4905
6504
6337
8840
9224
6621
5058
6820
9164
6550
8968
6760
3701
9284
6015
6539
3528
2513
6402
6729
8772
3559
3153
9440
4805
9066
5785
6004
6848
5201
5562
4222
5799
1894
8806
9316
8852
8968
3942
5672
3379
9264
5943
9216
6275
6618
6806
8952
3654
6136
3682
3971
4744
3209
9318
5790
6731
6570
9166
5055
9306
9260
4164
9450
9174
4215
5553
5545
9032
6701
9402
8550
3716
4832
5295
9270
9294
8684
6792
9310
9002
8930
9226
2036
9318
8654
4505
8904
6049
3463
9322
3763
9136
6999
4815
9180
3490
6910
883
9120
9038
9454
8662
4910
5318
3445
9326
9506
6758
9030
5098
9428
9178
5573
9038
9074
9102
8640
3477
5890
9140
9712
3410
9318
1662
3761
6289
9434
5721
6714
6666
8988
9410
3505
5439
7040
9120
9372
9170
8704
3595
6337
5397
5837
9046
9272
9380
8730
3529
5251
8968
6655
9280
9258
4457
9008
6947
7563
6514
4861
5844
2697
9174
9144
5023
6039
6752
5615
4647
7050
9278
4989
6904
6270
9336
8764
3679
8906
5448
9426
9016
2897
9504
8986
5813
3386
9278
9186
6078
9226
3797
2670
8992
4752
4460
1909
9156
4823
4866
6866
3045
9176
9392
6582
9130
5197
9406
9364
3798
6776
3697
8878
8528
9514
3667
3237
6023
6922
3630
9296
2849
9226
5769
8940
6813
9000
8958
8894
5714
8976
3114
9154
1895
8976
5316
9476
6354
9106
5029
3684
9180
5731
2325
3734
9242
9270
4930
9490
8654
8430
9224
9040
6093
8998
7079
9278
8944
5600
9176
6456
8964
9092
6591
4847
6673
9444
5819
8954
6741
9102
2052
9188
1861
8602
3833
6471
2396
3480
2659
9378
9050
5458
6310
9202
3771
3136
8924
6222
9214
9352
9294
5211
5271
3768
9434
3711
9400
9448
3640
9148
9368
8838
1501
8992
5022
3573
9304
9298
8814
9310
2271
9430
9118
2949
2033
9026
9468
9210
6788
5697
6264
9026
5577
4718
2989
6647
6195
8960
9312
2296
6248
6646
8658
9246
3770
9348
9156
9216
2432
9284
9164
8896
9078
6814
5817
6662
9224
1536
9122
9482
9396
9478
5106
3791
9350
2725
8922
3442
6764
8426
9402
5546
9374
4486
2940
9142
9328
5004
2266
6634
9418
9026
5180
9284
9472
9428
5091
5807
3773
6479
9272
9420
9194
5715
9506
9306
9350
3828
8850
3608
9234
9292
6023
6449
8786
9048
9468
3644
1344
9096
3897
9416
4328
3618
5523
5967
9276
9154
9152
4756
4513
9192
8846
9374
8846
6828
9370
9476
9366
9434
9326
6723
6958
9440
9292
8924
6610
9290
9404
3459
9252
5614
9636
3703
9310
9534
5376
9294
9004
3731
5337
9428
4711
9510
2053
9388
2125
785
2056
5297
6290
6995
9264
6652
5207
6794
6339
9288
3896
9428
9118
9172
3033
4956
9602
6744
9176
2844
1641
8592
9204
9324
9540
8954
6512
9192
3623
9594
8934
9520
6007
6581
9610
5770
9536
8926
9332
9300
9370
8964
2706
8948
9190
9430
5014
2846
9210
4507
9368
9058
6351
9192
9008
4916
9454
3837
8616
6029
3714
8612
4908
4499
9420
8882
9384
9324
8862
6365
6499
6177
6816
5825
5064
3451
8694
3622
6178
3495
6207
9250
8922
8696
9254
8428
9470
9440
9392
9280
9488
9286
9308
6399
9402
2393
1436
8946
5861
5480
8706
5255
9354
5734
9360
3756
5143
4721
9294
7016
5303
3669
9618
9082
4266
8972
9526
5999
9262
9280
6077
9198
9274
4960
5995
9126
5218
2070
9412
9252
9062
9226
4805
9138
5811
5963
6759
8980
9724
9510
9396
9386
9596
8798
3661
9270
6408
3007
7146
1594
9360
1950
5014
2957
5027
9114
3009
9384
9218
9254
3499
9424
3035
9270
8780
6101
8892
4769
9218
2187
8980
9308
9006
6792
3853
9210
9508
5566
9030
6705
8964
8942
5809
9388
6473
5014
9664
7345
9194
6885
8836
6061
4691
9346
9510
9040
9556
9536
9580
9452
5203
9392
9400
6762
9482
9306
8692
8732
9424
9518
9080
8888
7132
3842
3528
6687
4842
5693
4098
8846
4829
8846
5229
6531
2260
5289
9126
6968
9096
9380
9426
9546
9386
2906
9218
3561
6674
9320
3649
9054
9290
8574
5793
8682
9222
9582
8806
7165
8902
6497
6037
4705
3632
1917
9612
8980
1624
6739
9330
8952
5204
4590
3113
8982
6193
3704
9348
6854
5454
9378
9230
5789
2864